-1.249047285232650117e-18
-1.056235801065255565e-03
-7.693410201630748691e-04
9.563232237226412412e-04
1.976082742122229653e-03
-2.620691412266528353e-18
-3.265384800344555468e-03
-2.568519852901310786e-03
3.234633130889638317e-03
6.519908075212930976e-03
-6.211702357310398210e-18
-9.825739114867469703e-03
-7.365685405410101610e-03
8.881348924986423241e-03
1.725605698944219710e-02
-1.065043599333037914e-17
-2.478427169873352251e-02
-1.841766676813055836e-02
2.229953428827786965e-02
4.422244388091035178e-02
-1.424144693837424977e-17
-7.146980922686045623e-02
-6.043032881609017304e-02
9.231762695320902545e-02
3.020273152664425531e-01
4.005234180587014525e-01
3.020273152664425531e-01
9.231762695320902545e-02
-6.043032881609017304e-02
-7.146980922686045623e-02
-1.424144693837424977e-17
4.422244388091035178e-02
2.229953428827786965e-02
-1.841766676813055836e-02
-2.478427169873352251e-02
-1.065043599333037914e-17
1.725605698944219710e-02
8.881348924986423241e-03
-7.365685405410101610e-03
-9.825739114867469703e-03
-6.211702357310398210e-18
6.519908075212930976e-03
3.234633130889638317e-03
-2.568519852901310786e-03
-3.265384800344555468e-03
-2.620691412266528353e-18
1.976082742122229653e-03
9.563232237226412412e-04
-7.693410201630748691e-04
-1.056235801065255565e-03
-1.249047285232650117e-18
